# Vehículos
V   50 370  -48 1
V  200 370  -48 1
V  350 370  -48 1
V   25 338   48 2
V  175 338   48 2
V  325 338   48 2
V  175 306  -72 3
V  325 306  -72 3
V  475 306  -72 3
V  150 274   48 4
V    0 274   48 4
V -150 274   48 4
V  165 242  -72 5
V  365 242  -72 5
# Troncos
L -100  60 72.6 1
L   75  60 72.6 1
L  250  60 72.6 1
L  425  60 72.6 1
L  370 121   96 1
L  460 121   96 0
L  120 121   96 1
L  210 121   96 0
L -130 121   96 1
L  -40 121   96 0
L   30 153   48 0
L  180 153   48 0
L  330 153   48 0
# Troncos temporales
T 0 185 48 3 1
T 0 90 48 5 0
# Rana
F  205 402
